accident <- c(31, 26, )
